230,12
230,11
230,5
230,10
230,9
230,4
230,8
230,7
230,6
223,7
223,6
218,7
218,6
214,10
214,9
214,8
214,7
184,30
184,19
184,29
184,28
184,27
184,26
184,25
184,24
184,23
184,22
184,21
184,20
184,16
184,18
184,17
184,15
184,4
184,14
184,13
184,12
184,11
184,10
184,9
123,116
123,115
123,114
123,113
123,112
123,111
123,110
123,109
123,108
123,107
123,106
123,105
123,104
123,103
123,102
123,101
123,100
123,99
123,98
123,97
123,96
123,95
123,94
123,93
123,92
123,91
123,90
123,89
123,88
123,87
123,86
123,85
123,84
123,83
123,82
123,81
123,80
123,79
123,78
123,77
123,76
123,75
123,74
123,73
123,72
123,71
123,70
123,69
123,68
123,67
123,66
123,65
123,64
123,36
123,35
123,34
123,33
123,32
123,31
123,30
123,29
123,28
123,27
123,26
123,25
123,24
123,23
123,22
123,21
123,20
123,19
123,18
123,17
123,16
123,15
123,14
123,13
123,12
123,11
123,10
123,9
123,8
123,7
123,6
123,5
321,3
321,2
321,1
321,0
320,4
320,3
320,2
320,1
320,0
319,3
319,2
319,1
319,0
318,3
318,2
318,1
318,0
317,4
317,3
317,2
317,1
317,0
316,4
316,3
316,2
316,1
316,0
315,3
315,2
315,1
315,0
314,4
314,3
314,2
314,1
314,0
313,5
313,4
313,3
313,2
313,1
313,0
312,5
312,4
312,3
312,2
312,1
312,0
14,21
311,5
311,4
311,3
311,2
311,1
311,0
310,5
310,4
310,3
310,2
310,1
310,0
309,6
309,5
309,4
309,3
309,2
309,1
309,0
308,5
308,4
308,3
308,2
308,1
308,0
307,4
307,3
307,2
307,1
307,0
306,4
306,3
306,2
306,1
306,0
305,3
305,2
305,1
305,0
304,5
304,4
304,3
304,2
304,1
304,0
303,5
303,4
303,3
303,2
303,1
303,0
302,5
302,4
302,3
302,2
302,1
302,0
301,5
301,4
301,3
301,2
301,1
301,0
300,5
300,4
300,3
300,2
300,1
300,0
299,5
299,4
299,3
299,2
299,1
299,0
298,4
298,3
298,2
298,1
298,0
297,5
297,4
297,3
297,2
297,1
297,0
296,5
296,4
296,3
296,2
296,1
296,0
295,4
295,3
295,2
295,1
295,0
294,4
294,3
294,2
294,1
294,0
293,4
293,3
293,2
293,1
293,0
292,5
292,4
292,3
292,2
292,1
292,0
291,4
291,3
291,2
291,1
291,0
290,3
290,2
290,1
290,0
289,5
289,4
289,3
289,2
289,1
289,0
288,4
288,3
288,2
288,1
288,0
287,3
287,2
287,1
287,0
286,5
286,4
286,3
286,2
286,1
286,0
285,5
285,4
285,3
285,2
285,1
285,0
284,3
284,2
284,1
284,0
283,4
283,3
283,2
283,1
283,0
282,4
282,3
282,2
282,1
282,0
281,5
281,4
281,3
281,2
281,1
281,0
280,5
280,4
280,3
280,2
280,1
280,0
279,4
279,3
279,2
279,1
279,0
278,4
278,3
278,2
278,1
278,0
277,5
277,4
277,3
277,2
277,1
277,0
276,4
276,3
276,2
276,1
276,0
275,5
275,4
275,3
275,2
275,1
275,0
274,6
274,5
274,4
274,3
274,2
274,1
274,0
273,6
273,5
273,4
273,3
273,2
273,1
273,0
14,20
272,9
272,8
272,7
272,6
272,5
272,4
272,3
272,2
272,1
272,0
14,19
271,9
271,8
271,7
271,6
271,5
271,4
271,3
271,2
271,1
271,0
270,9
270,8
270,7
270,6
270,5
270,4
270,3
270,2
270,1
270,0
269,9
269,8
269,7
269,6
269,5
269,4
269,3
269,2
269,1
269,0
268,4
268,3
268,2
268,1
268,0
267,5
267,4
267,3
267,2
267,1
267,0
266,5
266,4
266,3
266,2
266,1
266,0
265,5
265,4
265,3
265,2
265,1
265,0
264,5
264,4
264,3
264,2
264,1
264,0
263,5
263,4
263,3
263,2
263,1
263,0
262,5
262,4
262,3
262,2
262,1
262,0
0,575
0,574
261,5
261,4
261,3
261,2
261,1
261,0
0,573
0,572
260,4
260,3
260,2
260,1
260,0
0,571
0,570
259,5
259,4
259,3
259,2
259,1
259,0
258,4
258,3
258,2
258,1
258,0
0,569
257,4
257,3
257,2
257,1
257,0
256,4
256,3
256,2
256,1
256,0
255,5
255,4
255,3
255,2
255,1
255,0
254,5
254,4
254,3
254,2
254,1
254,0
253,6
253,5
253,4
253,3
253,2
253,1
253,0
252,6
252,5
252,4
252,3
252,2
252,1
252,0
0,568
251,6
251,5
251,4
251,3
251,2
251,1
251,0
0,567
250,8
250,7
250,6
250,5
250,4
250,3
250,2
250,1
250,0
0,566
249,8
249,7
249,6
249,5
249,4
249,3
249,2
249,1
249,0
248,8
248,7
248,6
248,5
248,4
248,3
248,2
248,1
248,0
247,8
247,7
247,6
247,5
247,4
247,3
247,2
247,1
247,0
246,8
246,7
246,6
246,5
246,4
246,3
246,2
246,1
246,0
245,7
245,6
245,5
245,4
245,3
245,2
245,1
245,0
244,6
244,5
244,4
244,3
244,2
0,565
244,1
244,0
